"retention","vtkValidPointMask","arc_length","Points:0","Points:1","Points:2"
3.3327e+17,1,0,0.002,0.0825,0
1.1337e+21,1,1.3e-05,0.002013,0.0825,0
1.1332e+21,1,2.6e-05,0.002026,0.0825,0
1.1328e+21,1,3.9e-05,0.002039,0.0825,0
1.1323e+21,1,5.2e-05,0.002052,0.0825,0
1.1318e+21,1,6.5e-05,0.002065,0.0825,0
1.1314e+21,1,7.8e-05,0.002078,0.0825,0
1.1309e+21,1,9.1e-05,0.002091,0.0825,0
1.1305e+21,1,0.000104,0.002104,0.0825,0
1.13e+21,1,0.000117,0.002117,0.0825,0
1.1296e+21,1,0.00013,0.00213,0.0825,0
1.1291e+21,1,0.000143,0.002143,0.0825,0
1.1286e+21,1,0.000156,0.002156,0.0825,0
1.1282e+21,1,0.000169,0.002169,0.0825,0
1.1277e+21,1,0.000182,0.002182,0.0825,0
1.128e+21,1,0.000195,0.002195,0.0825,0
1.1289e+21,1,0.000208,0.002208,0.0825,0
1.1297e+21,1,0.000221,0.002221,0.0825,0
1.1306e+21,1,0.000234,0.002234,0.0825,0
1.1315e+21,1,0.000247,0.002247,0.0825,0
1.1324e+21,1,0.00026,0.00226,0.0825,0
1.1332e+21,1,0.000273,0.002273,0.0825,0
1.1341e+21,1,0.000286,0.002286,0.0825,0
1.135e+21,1,0.000299,0.002299,0.0825,0
1.1359e+21,1,0.000312,0.002312,0.0825,0
1.1368e+21,1,0.000325,0.002325,0.0825,0
1.1376e+21,1,0.000338,0.002338,0.0825,0
1.1385e+21,1,0.000351,0.002351,0.0825,0
1.1394e+21,1,0.000364,0.002364,0.0825,0
1.1403e+21,1,0.000377,0.002377,0.0825,0
1.1412e+21,1,0.00039,0.00239,0.0825,0
1.142e+21,1,0.000403,0.002403,0.0825,0
1.1429e+21,1,0.000416,0.002416,0.0825,0
1.1438e+21,1,0.000429,0.002429,0.0825,0
1.1447e+21,1,0.000442,0.002442,0.0825,0
1.1456e+21,1,0.000455,0.002455,0.0825,0
1.1464e+21,1,0.000468,0.002468,0.0825,0
1.1445e+21,1,0.000481,0.002481,0.0825,0
1.1428e+21,1,0.000494,0.002494,0.0825,0
1.1411e+21,1,0.000507,0.002507,0.0825,0
1.1395e+21,1,0.00052,0.00252,0.0825,0
1.1378e+21,1,0.000533,0.002533,0.0825,0
1.1361e+21,1,0.000546,0.002546,0.0825,0
1.1344e+21,1,0.000559,0.002559,0.0825,0
1.1328e+21,1,0.000572,0.002572,0.0825,0
1.1311e+21,1,0.000585,0.002585,0.0825,0
1.1294e+21,1,0.000598,0.002598,0.0825,0
1.1278e+21,1,0.000611,0.002611,0.0825,0
1.1261e+21,1,0.000624,0.002624,0.0825,0
1.1244e+21,1,0.000637,0.002637,0.0825,0
1.1227e+21,1,0.00065,0.00265,0.0825,0
1.1212e+21,1,0.000663,0.002663,0.0825,0
1.1197e+21,1,0.000676,0.002676,0.0825,0
1.1182e+21,1,0.000689,0.002689,0.0825,0
1.1167e+21,1,0.000702,0.002702,0.0825,0
1.1152e+21,1,0.000715,0.002715,0.0825,0
1.1137e+21,1,0.000728,0.002728,0.0825,0
1.1122e+21,1,0.000741,0.002741,0.0825,0
1.1107e+21,1,0.000754,0.002754,0.0825,0
1.1092e+21,1,0.000767,0.002767,0.0825,0
1.1077e+21,1,0.00078,0.00278,0.0825,0
1.1062e+21,1,0.000793,0.002793,0.0825,0
1.1047e+21,1,0.000806,0.002806,0.0825,0
1.1032e+21,1,0.000819,0.002819,0.0825,0
1.1017e+21,1,0.000832,0.002832,0.0825,0
1.1002e+21,1,0.000845,0.002845,0.0825,0
1.0987e+21,1,0.000858,0.002858,0.0825,0
1.0972e+21,1,0.000871,0.002871,0.0825,0
1.0957e+21,1,0.000884,0.002884,0.0825,0
1.0933e+21,1,0.000897,0.002897,0.0825,0
1.0908e+21,1,0.00091,0.00291,0.0825,0
1.0883e+21,1,0.000923,0.002923,0.0825,0
1.0858e+21,1,0.000936,0.002936,0.0825,0
1.0833e+21,1,0.000949,0.002949,0.0825,0
1.0809e+21,1,0.000962,0.002962,0.0825,0
1.0784e+21,1,0.000975,0.002975,0.0825,0
1.0759e+21,1,0.000988,0.002988,0.0825,0
1.0734e+21,1,0.001001,0.003001,0.0825,0
1.0709e+21,1,0.001014,0.003014,0.0825,0
1.0684e+21,1,0.001027,0.003027,0.0825,0
1.0659e+21,1,0.00104,0.00304,0.0825,0
1.0634e+21,1,0.001053,0.003053,0.0825,0
1.0609e+21,1,0.001066,0.003066,0.0825,0
1.0584e+21,1,0.001079,0.003079,0.0825,0
1.0559e+21,1,0.001092,0.003092,0.0825,0
1.053e+21,1,0.001105,0.003105,0.0825,0
1.0499e+21,1,0.001118,0.003118,0.0825,0
1.0469e+21,1,0.001131,0.003131,0.0825,0
1.0439e+21,1,0.001144,0.003144,0.0825,0
1.0409e+21,1,0.001157,0.003157,0.0825,0
1.0378e+21,1,0.00117,0.00317,0.0825,0
1.0348e+21,1,0.001183,0.003183,0.0825,0
1.0318e+21,1,0.001196,0.003196,0.0825,0
1.0288e+21,1,0.001209,0.003209,0.0825,0
1.0257e+21,1,0.001222,0.003222,0.0825,0
1.0227e+21,1,0.001235,0.003235,0.0825,0
1.0197e+21,1,0.001248,0.003248,0.0825,0
1.0167e+21,1,0.001261,0.003261,0.0825,0
1.0136e+21,1,0.001274,0.003274,0.0825,0
1.0094e+21,1,0.001287,0.003287,0.0825,0
1.0053e+21,1,0.0013,0.0033,0.0825,0
1.0013e+21,1,0.001313,0.003313,0.0825,0
9.9718e+20,1,0.001326,0.003326,0.0825,0
9.931e+20,1,0.001339,0.003339,0.0825,0
9.8903e+20,1,0.001352,0.003352,0.0825,0
9.8495e+20,1,0.001365,0.003365,0.0825,0
9.8088e+20,1,0.001378,0.003378,0.0825,0
9.768e+20,1,0.001391,0.003391,0.0825,0
9.7273e+20,1,0.001404,0.003404,0.0825,0
9.6865e+20,1,0.001417,0.003417,0.0825,0
9.6458e+20,1,0.00143,0.00343,0.0825,0
9.605e+20,1,0.001443,0.003443,0.0825,0
9.5643e+20,1,0.001456,0.003456,0.0825,0
9.5235e+20,1,0.001469,0.003469,0.0825,0
9.4828e+20,1,0.001482,0.003482,0.0825,0
9.442e+20,1,0.001495,0.003495,0.0825,0
9.4012e+20,1,0.001508,0.003508,0.0825,0
9.3605e+20,1,0.001521,0.003521,0.0825,0
9.3197e+20,1,0.001534,0.003534,0.0825,0
9.2844e+20,1,0.001547,0.003547,0.0825,0
9.2431e+20,1,0.00156,0.00356,0.0825,0
9.2018e+20,1,0.001573,0.003573,0.0825,0
9.1606e+20,1,0.001586,0.003586,0.0825,0
9.1193e+20,1,0.001599,0.003599,0.0825,0
9.078e+20,1,0.001612,0.003612,0.0825,0
9.0367e+20,1,0.001625,0.003625,0.0825,0
8.9942e+20,1,0.001638,0.003638,0.0825,0
8.9396e+20,1,0.001651,0.003651,0.0825,0
8.885e+20,1,0.001664,0.003664,0.0825,0
8.8304e+20,1,0.001677,0.003677,0.0825,0
8.7759e+20,1,0.00169,0.00369,0.0825,0
8.7213e+20,1,0.001703,0.003703,0.0825,0
8.6667e+20,1,0.001716,0.003716,0.0825,0
8.6122e+20,1,0.001729,0.003729,0.0825,0
8.5545e+20,1,0.001742,0.003742,0.0825,0
8.5012e+20,1,0.001755,0.003755,0.0825,0
8.4478e+20,1,0.001768,0.003768,0.0825,0
8.3945e+20,1,0.001781,0.003781,0.0825,0
8.3412e+20,1,0.001794,0.003794,0.0825,0
8.2878e+20,1,0.001807,0.003807,0.0825,0
8.2345e+20,1,0.00182,0.00382,0.0825,0
8.1811e+20,1,0.001833,0.003833,0.0825,0
8.1278e+20,1,0.001846,0.003846,0.0825,0
8.0745e+20,1,0.001859,0.003859,0.0825,0
8.0211e+20,1,0.001872,0.003872,0.0825,0
7.9678e+20,1,0.001885,0.003885,0.0825,0
7.9144e+20,1,0.001898,0.003898,0.0825,0
7.8611e+20,1,0.001911,0.003911,0.0825,0
7.8078e+20,1,0.001924,0.003924,0.0825,0
7.7544e+20,1,0.001937,0.003937,0.0825,0
7.7003e+20,1,0.00195,0.00395,0.0825,0
7.6352e+20,1,0.001963,0.003963,0.0825,0
7.5701e+20,1,0.001976,0.003976,0.0825,0
7.505e+20,1,0.001989,0.003989,0.0825,0
7.4399e+20,1,0.002002,0.004002,0.0825,0
7.3749e+20,1,0.002015,0.004015,0.0825,0
7.3098e+20,1,0.002028,0.004028,0.0825,0
7.2408e+20,1,0.002041,0.004041,0.0825,0
7.1765e+20,1,0.002054,0.004054,0.0825,0
7.1122e+20,1,0.002067,0.004067,0.0825,0
7.0479e+20,1,0.00208,0.00408,0.0825,0
6.9836e+20,1,0.002093,0.004093,0.0825,0
6.9193e+20,1,0.002106,0.004106,0.0825,0
6.8551e+20,1,0.002119,0.004119,0.0825,0
6.7908e+20,1,0.002132,0.004132,0.0825,0
6.7265e+20,1,0.002145,0.004145,0.0825,0
6.6622e+20,1,0.002158,0.004158,0.0825,0
6.5979e+20,1,0.002171,0.004171,0.0825,0
6.5336e+20,1,0.002184,0.004184,0.0825,0
6.4693e+20,1,0.002197,0.004197,0.0825,0
6.4051e+20,1,0.00221,0.00421,0.0825,0
6.3408e+20,1,0.002223,0.004223,0.0825,0
6.2782e+20,1,0.002236,0.004236,0.0825,0
6.2017e+20,1,0.002249,0.004249,0.0825,0
6.1253e+20,1,0.002262,0.004262,0.0825,0
6.0488e+20,1,0.002275,0.004275,0.0825,0
5.9723e+20,1,0.002288,0.004288,0.0825,0
5.8958e+20,1,0.002301,0.004301,0.0825,0
5.8193e+20,1,0.002314,0.004314,0.0825,0
5.7428e+20,1,0.002327,0.004327,0.0825,0
5.6663e+20,1,0.00234,0.00434,0.0825,0
5.5898e+20,1,0.002353,0.004353,0.0825,0
5.5133e+20,1,0.002366,0.004366,0.0825,0
5.4369e+20,1,0.002379,0.004379,0.0825,0
5.3639e+20,1,0.002392,0.004392,0.0825,0
5.2891e+20,1,0.002405,0.004405,0.0825,0
5.2142e+20,1,0.002418,0.004418,0.0825,0
5.1326e+20,1,0.002431,0.004431,0.0825,0
5.048e+20,1,0.002444,0.004444,0.0825,0
4.9613e+20,1,0.002457,0.004457,0.0825,0
4.8774e+20,1,0.00247,0.00447,0.0825,0
4.7935e+20,1,0.002483,0.004483,0.0825,0
4.7096e+20,1,0.002496,0.004496,0.0825,0
4.6257e+20,1,0.002509,0.004509,0.0825,0
4.5418e+20,1,0.002522,0.004522,0.0825,0
4.4579e+20,1,0.002535,0.004535,0.0825,0
4.374e+20,1,0.002548,0.004548,0.0825,0
4.2901e+20,1,0.002561,0.004561,0.0825,0
4.2063e+20,1,0.002574,0.004574,0.0825,0
4.1224e+20,1,0.002587,0.004587,0.0825,0
4.0382e+20,1,0.0026,0.0046,0.0825,0
3.945e+20,1,0.002613,0.004613,0.0825,0
3.8518e+20,1,0.002626,0.004626,0.0825,0
3.7586e+20,1,0.002639,0.004639,0.0825,0
3.6655e+20,1,0.002652,0.004652,0.0825,0
3.5723e+20,1,0.002665,0.004665,0.0825,0
3.4791e+20,1,0.002678,0.004678,0.0825,0
3.3859e+20,1,0.002691,0.004691,0.0825,0
3.2927e+20,1,0.002704,0.004704,0.0825,0
3.1995e+20,1,0.002717,0.004717,0.0825,0
3.1063e+20,1,0.00273,0.00473,0.0825,0
3.0132e+20,1,0.002743,0.004743,0.0825,0
2.9151e+20,1,0.002756,0.004756,0.0825,0
2.8145e+20,1,0.002769,0.004769,0.0825,0
2.7139e+20,1,0.002782,0.004782,0.0825,0
2.6133e+20,1,0.002795,0.004795,0.0825,0
2.5126e+20,1,0.002808,0.004808,0.0825,0
2.412e+20,1,0.002821,0.004821,0.0825,0
2.3114e+20,1,0.002834,0.004834,0.0825,0
2.2108e+20,1,0.002847,0.004847,0.0825,0
2.1102e+20,1,0.00286,0.00486,0.0825,0
2.0096e+20,1,0.002873,0.004873,0.0825,0
1.9045e+20,1,0.002886,0.004886,0.0825,0
1.7955e+20,1,0.002899,0.004899,0.0825,0
1.6864e+20,1,0.002912,0.004912,0.0825,0
1.5774e+20,1,0.002925,0.004925,0.0825,0
1.4684e+20,1,0.002938,0.004938,0.0825,0
1.3594e+20,1,0.002951,0.004951,0.0825,0
1.2503e+20,1,0.002964,0.004964,0.0825,0
1.1413e+20,1,0.002977,0.004977,0.0825,0
1.0323e+20,1,0.00299,0.00499,0.0825,0
nan,0,0.003003,0.005003,0.0825,0
nan,0,0.003016,0.005016,0.0825,0
nan,0,0.003029,0.005029,0.0825,0
nan,0,0.003042,0.005042,0.0825,0
nan,0,0.003055,0.005055,0.0825,0
nan,0,0.003068,0.005068,0.0825,0
nan,0,0.003081,0.005081,0.0825,0
nan,0,0.003094,0.005094,0.0825,0
nan,0,0.003107,0.005107,0.0825,0
nan,0,0.00312,0.00512,0.0825,0
nan,0,0.003133,0.005133,0.0825,0
nan,0,0.003146,0.005146,0.0825,0
nan,0,0.003159,0.005159,0.0825,0
nan,0,0.003172,0.005172,0.0825,0
nan,0,0.003185,0.005185,0.0825,0
nan,0,0.003198,0.005198,0.0825,0
nan,0,0.003211,0.005211,0.0825,0
nan,0,0.003224,0.005224,0.0825,0
nan,0,0.003237,0.005237,0.0825,0
nan,0,0.00325,0.00525,0.0825,0
nan,0,0.003263,0.005263,0.0825,0
nan,0,0.003276,0.005276,0.0825,0
nan,0,0.003289,0.005289,0.0825,0
nan,0,0.003302,0.005302,0.0825,0
nan,0,0.003315,0.005315,0.0825,0
nan,0,0.003328,0.005328,0.0825,0
nan,0,0.003341,0.005341,0.0825,0
nan,0,0.003354,0.005354,0.0825,0
nan,0,0.003367,0.005367,0.0825,0
nan,0,0.00338,0.00538,0.0825,0
nan,0,0.003393,0.005393,0.0825,0
nan,0,0.003406,0.005406,0.0825,0
nan,0,0.003419,0.005419,0.0825,0
nan,0,0.003432,0.005432,0.0825,0
nan,0,0.003445,0.005445,0.0825,0
nan,0,0.003458,0.005458,0.0825,0
nan,0,0.003471,0.005471,0.0825,0
nan,0,0.003484,0.005484,0.0825,0
nan,0,0.003497,0.005497,0.0825,0
nan,0,0.00351,0.00551,0.0825,0
nan,0,0.003523,0.005523,0.0825,0
nan,0,0.003536,0.005536,0.0825,0
nan,0,0.003549,0.005549,0.0825,0
nan,0,0.003562,0.005562,0.0825,0
nan,0,0.003575,0.005575,0.0825,0
nan,0,0.003588,0.005588,0.0825,0
nan,0,0.003601,0.005601,0.0825,0
nan,0,0.003614,0.005614,0.0825,0
nan,0,0.003627,0.005627,0.0825,0
nan,0,0.00364,0.00564,0.0825,0
nan,0,0.003653,0.005653,0.0825,0
nan,0,0.003666,0.005666,0.0825,0
nan,0,0.003679,0.005679,0.0825,0
nan,0,0.003692,0.005692,0.0825,0
nan,0,0.003705,0.005705,0.0825,0
nan,0,0.003718,0.005718,0.0825,0
nan,0,0.003731,0.005731,0.0825,0
nan,0,0.003744,0.005744,0.0825,0
nan,0,0.003757,0.005757,0.0825,0
nan,0,0.00377,0.00577,0.0825,0
nan,0,0.003783,0.005783,0.0825,0
nan,0,0.003796,0.005796,0.0825,0
nan,0,0.003809,0.005809,0.0825,0
nan,0,0.003822,0.005822,0.0825,0
nan,0,0.003835,0.005835,0.0825,0
nan,0,0.003848,0.005848,0.0825,0
nan,0,0.003861,0.005861,0.0825,0
nan,0,0.003874,0.005874,0.0825,0
nan,0,0.003887,0.005887,0.0825,0
nan,0,0.0039,0.0059,0.0825,0
nan,0,0.003913,0.005913,0.0825,0
nan,0,0.003926,0.005926,0.0825,0
nan,0,0.003939,0.005939,0.0825,0
nan,0,0.003952,0.005952,0.0825,0
nan,0,0.003965,0.005965,0.0825,0
nan,0,0.003978,0.005978,0.0825,0
nan,0,0.003991,0.005991,0.0825,0
nan,0,0.004004,0.006004,0.0825,0
nan,0,0.004017,0.006017,0.0825,0
nan,0,0.00403,0.00603,0.0825,0
nan,0,0.004043,0.006043,0.0825,0
nan,0,0.004056,0.006056,0.0825,0
nan,0,0.004069,0.006069,0.0825,0
nan,0,0.004082,0.006082,0.0825,0
nan,0,0.004095,0.006095,0.0825,0
nan,0,0.004108,0.006108,0.0825,0
nan,0,0.004121,0.006121,0.0825,0
nan,0,0.004134,0.006134,0.0825,0
nan,0,0.004147,0.006147,0.0825,0
nan,0,0.00416,0.00616,0.0825,0
nan,0,0.004173,0.006173,0.0825,0
nan,0,0.004186,0.006186,0.0825,0
nan,0,0.004199,0.006199,0.0825,0
nan,0,0.004212,0.006212,0.0825,0
nan,0,0.004225,0.006225,0.0825,0
nan,0,0.004238,0.006238,0.0825,0
nan,0,0.004251,0.006251,0.0825,0
nan,0,0.004264,0.006264,0.0825,0
nan,0,0.004277,0.006277,0.0825,0
nan,0,0.00429,0.00629,0.0825,0
nan,0,0.004303,0.006303,0.0825,0
nan,0,0.004316,0.006316,0.0825,0
nan,0,0.004329,0.006329,0.0825,0
nan,0,0.004342,0.006342,0.0825,0
nan,0,0.004355,0.006355,0.0825,0
nan,0,0.004368,0.006368,0.0825,0
nan,0,0.004381,0.006381,0.0825,0
nan,0,0.004394,0.006394,0.0825,0
nan,0,0.004407,0.006407,0.0825,0
nan,0,0.00442,0.00642,0.0825,0
nan,0,0.004433,0.006433,0.0825,0
nan,0,0.004446,0.006446,0.0825,0
nan,0,0.004459,0.006459,0.0825,0
nan,0,0.004472,0.006472,0.0825,0
nan,0,0.004485,0.006485,0.0825,0
nan,0,0.004498,0.006498,0.0825,0
nan,0,0.004511,0.006511,0.0825,0
nan,0,0.004524,0.006524,0.0825,0
nan,0,0.004537,0.006537,0.0825,0
nan,0,0.00455,0.00655,0.0825,0
nan,0,0.004563,0.006563,0.0825,0
nan,0,0.004576,0.006576,0.0825,0
nan,0,0.004589,0.006589,0.0825,0
nan,0,0.004602,0.006602,0.0825,0
nan,0,0.004615,0.006615,0.0825,0
nan,0,0.004628,0.006628,0.0825,0
nan,0,0.004641,0.006641,0.0825,0
nan,0,0.004654,0.006654,0.0825,0
nan,0,0.004667,0.006667,0.0825,0
nan,0,0.00468,0.00668,0.0825,0
nan,0,0.004693,0.006693,0.0825,0
nan,0,0.004706,0.006706,0.0825,0
nan,0,0.004719,0.006719,0.0825,0
nan,0,0.004732,0.006732,0.0825,0
nan,0,0.004745,0.006745,0.0825,0
nan,0,0.004758,0.006758,0.0825,0
nan,0,0.004771,0.006771,0.0825,0
nan,0,0.004784,0.006784,0.0825,0
nan,0,0.004797,0.006797,0.0825,0
nan,0,0.00481,0.00681,0.0825,0
nan,0,0.004823,0.006823,0.0825,0
nan,0,0.004836,0.006836,0.0825,0
nan,0,0.004849,0.006849,0.0825,0
nan,0,0.004862,0.006862,0.0825,0
nan,0,0.004875,0.006875,0.0825,0
nan,0,0.004888,0.006888,0.0825,0
nan,0,0.004901,0.006901,0.0825,0
nan,0,0.004914,0.006914,0.0825,0
nan,0,0.004927,0.006927,0.0825,0
nan,0,0.00494,0.00694,0.0825,0
nan,0,0.004953,0.006953,0.0825,0
nan,0,0.004966,0.006966,0.0825,0
nan,0,0.004979,0.006979,0.0825,0
nan,0,0.004992,0.006992,0.0825,0
nan,0,0.005005,0.007005,0.0825,0
nan,0,0.005018,0.007018,0.0825,0
nan,0,0.005031,0.007031,0.0825,0
nan,0,0.005044,0.007044,0.0825,0
nan,0,0.005057,0.007057,0.0825,0
nan,0,0.00507,0.00707,0.0825,0
nan,0,0.005083,0.007083,0.0825,0
nan,0,0.005096,0.007096,0.0825,0
nan,0,0.005109,0.007109,0.0825,0
nan,0,0.005122,0.007122,0.0825,0
nan,0,0.005135,0.007135,0.0825,0
nan,0,0.005148,0.007148,0.0825,0
nan,0,0.005161,0.007161,0.0825,0
nan,0,0.005174,0.007174,0.0825,0
nan,0,0.005187,0.007187,0.0825,0
nan,0,0.0052,0.0072,0.0825,0
nan,0,0.005213,0.007213,0.0825,0
nan,0,0.005226,0.007226,0.0825,0
nan,0,0.005239,0.007239,0.0825,0
nan,0,0.005252,0.007252,0.0825,0
nan,0,0.005265,0.007265,0.0825,0
nan,0,0.005278,0.007278,0.0825,0
nan,0,0.005291,0.007291,0.0825,0
nan,0,0.005304,0.007304,0.0825,0
nan,0,0.005317,0.007317,0.0825,0
nan,0,0.00533,0.00733,0.0825,0
nan,0,0.005343,0.007343,0.0825,0
nan,0,0.005356,0.007356,0.0825,0
nan,0,0.005369,0.007369,0.0825,0
nan,0,0.005382,0.007382,0.0825,0
nan,0,0.005395,0.007395,0.0825,0
nan,0,0.005408,0.007408,0.0825,0
nan,0,0.005421,0.007421,0.0825,0
nan,0,0.005434,0.007434,0.0825,0
nan,0,0.005447,0.007447,0.0825,0
nan,0,0.00546,0.00746,0.0825,0
nan,0,0.005473,0.007473,0.0825,0
nan,0,0.005486,0.007486,0.0825,0
nan,0,0.005499,0.007499,0.0825,0
nan,0,0.005512,0.007512,0.0825,0
nan,0,0.005525,0.007525,0.0825,0
nan,0,0.005538,0.007538,0.0825,0
nan,0,0.005551,0.007551,0.0825,0
nan,0,0.005564,0.007564,0.0825,0
nan,0,0.005577,0.007577,0.0825,0
nan,0,0.00559,0.00759,0.0825,0
nan,0,0.005603,0.007603,0.0825,0
nan,0,0.005616,0.007616,0.0825,0
nan,0,0.005629,0.007629,0.0825,0
nan,0,0.005642,0.007642,0.0825,0
nan,0,0.005655,0.007655,0.0825,0
nan,0,0.005668,0.007668,0.0825,0
nan,0,0.005681,0.007681,0.0825,0
nan,0,0.005694,0.007694,0.0825,0
nan,0,0.005707,0.007707,0.0825,0
nan,0,0.00572,0.00772,0.0825,0
nan,0,0.005733,0.007733,0.0825,0
nan,0,0.005746,0.007746,0.0825,0
nan,0,0.005759,0.007759,0.0825,0
nan,0,0.005772,0.007772,0.0825,0
nan,0,0.005785,0.007785,0.0825,0
nan,0,0.005798,0.007798,0.0825,0
nan,0,0.005811,0.007811,0.0825,0
nan,0,0.005824,0.007824,0.0825,0
nan,0,0.005837,0.007837,0.0825,0
nan,0,0.00585,0.00785,0.0825,0
nan,0,0.005863,0.007863,0.0825,0
nan,0,0.005876,0.007876,0.0825,0
nan,0,0.005889,0.007889,0.0825,0
nan,0,0.005902,0.007902,0.0825,0
nan,0,0.005915,0.007915,0.0825,0
nan,0,0.005928,0.007928,0.0825,0
nan,0,0.005941,0.007941,0.0825,0
nan,0,0.005954,0.007954,0.0825,0
nan,0,0.005967,0.007967,0.0825,0
nan,0,0.00598,0.00798,0.0825,0
nan,0,0.005993,0.007993,0.0825,0
nan,0,0.006006,0.008006,0.0825,0
nan,0,0.006019,0.008019,0.0825,0
nan,0,0.006032,0.008032,0.0825,0
nan,0,0.006045,0.008045,0.0825,0
nan,0,0.006058,0.008058,0.0825,0
nan,0,0.006071,0.008071,0.0825,0
nan,0,0.006084,0.008084,0.0825,0
nan,0,0.006097,0.008097,0.0825,0
nan,0,0.00611,0.00811,0.0825,0
nan,0,0.006123,0.008123,0.0825,0
nan,0,0.006136,0.008136,0.0825,0
nan,0,0.006149,0.008149,0.0825,0
nan,0,0.006162,0.008162,0.0825,0
nan,0,0.006175,0.008175,0.0825,0
nan,0,0.006188,0.008188,0.0825,0
nan,0,0.006201,0.008201,0.0825,0
nan,0,0.006214,0.008214,0.0825,0
nan,0,0.006227,0.008227,0.0825,0
nan,0,0.00624,0.00824,0.0825,0
nan,0,0.006253,0.008253,0.0825,0
nan,0,0.006266,0.008266,0.0825,0
nan,0,0.006279,0.008279,0.0825,0
nan,0,0.006292,0.008292,0.0825,0
nan,0,0.006305,0.008305,0.0825,0
nan,0,0.006318,0.008318,0.0825,0
nan,0,0.006331,0.008331,0.0825,0
nan,0,0.006344,0.008344,0.0825,0
nan,0,0.006357,0.008357,0.0825,0
nan,0,0.00637,0.00837,0.0825,0
nan,0,0.006383,0.008383,0.0825,0
nan,0,0.006396,0.008396,0.0825,0
nan,0,0.006409,0.008409,0.0825,0
nan,0,0.006422,0.008422,0.0825,0
nan,0,0.006435,0.008435,0.0825,0
nan,0,0.006448,0.008448,0.0825,0
nan,0,0.006461,0.008461,0.0825,0
nan,0,0.006474,0.008474,0.0825,0
nan,0,0.006487,0.008487,0.0825,0
nan,0,0.0065,0.0085,0.0825,0
nan,0,0.006513,0.008513,0.0825,0
nan,0,0.006526,0.008526,0.0825,0
nan,0,0.006539,0.008539,0.0825,0
nan,0,0.006552,0.008552,0.0825,0
nan,0,0.006565,0.008565,0.0825,0
nan,0,0.006578,0.008578,0.0825,0
nan,0,0.006591,0.008591,0.0825,0
nan,0,0.006604,0.008604,0.0825,0
nan,0,0.006617,0.008617,0.0825,0
nan,0,0.00663,0.00863,0.0825,0
nan,0,0.006643,0.008643,0.0825,0
nan,0,0.006656,0.008656,0.0825,0
nan,0,0.006669,0.008669,0.0825,0
nan,0,0.006682,0.008682,0.0825,0
nan,0,0.006695,0.008695,0.0825,0
nan,0,0.006708,0.008708,0.0825,0
nan,0,0.006721,0.008721,0.0825,0
nan,0,0.006734,0.008734,0.0825,0
nan,0,0.006747,0.008747,0.0825,0
nan,0,0.00676,0.00876,0.0825,0
nan,0,0.006773,0.008773,0.0825,0
nan,0,0.006786,0.008786,0.0825,0
nan,0,0.006799,0.008799,0.0825,0
nan,0,0.006812,0.008812,0.0825,0
nan,0,0.006825,0.008825,0.0825,0
nan,0,0.006838,0.008838,0.0825,0
nan,0,0.006851,0.008851,0.0825,0
nan,0,0.006864,0.008864,0.0825,0
nan,0,0.006877,0.008877,0.0825,0
nan,0,0.00689,0.00889,0.0825,0
nan,0,0.006903,0.008903,0.0825,0
nan,0,0.006916,0.008916,0.0825,0
nan,0,0.006929,0.008929,0.0825,0
nan,0,0.006942,0.008942,0.0825,0
nan,0,0.006955,0.008955,0.0825,0
nan,0,0.006968,0.008968,0.0825,0
nan,0,0.006981,0.008981,0.0825,0
nan,0,0.006994,0.008994,0.0825,0
nan,0,0.007007,0.009007,0.0825,0
nan,0,0.00702,0.00902,0.0825,0
nan,0,0.007033,0.009033,0.0825,0
nan,0,0.007046,0.009046,0.0825,0
nan,0,0.007059,0.009059,0.0825,0
nan,0,0.007072,0.009072,0.0825,0
nan,0,0.007085,0.009085,0.0825,0
nan,0,0.007098,0.009098,0.0825,0
nan,0,0.007111,0.009111,0.0825,0
nan,0,0.007124,0.009124,0.0825,0
nan,0,0.007137,0.009137,0.0825,0
nan,0,0.00715,0.00915,0.0825,0
nan,0,0.007163,0.009163,0.0825,0
nan,0,0.007176,0.009176,0.0825,0
nan,0,0.007189,0.009189,0.0825,0
nan,0,0.007202,0.009202,0.0825,0
nan,0,0.007215,0.009215,0.0825,0
nan,0,0.007228,0.009228,0.0825,0
nan,0,0.007241,0.009241,0.0825,0
nan,0,0.007254,0.009254,0.0825,0
nan,0,0.007267,0.009267,0.0825,0
nan,0,0.00728,0.00928,0.0825,0
nan,0,0.007293,0.009293,0.0825,0
nan,0,0.007306,0.009306,0.0825,0
nan,0,0.007319,0.009319,0.0825,0
nan,0,0.007332,0.009332,0.0825,0
nan,0,0.007345,0.009345,0.0825,0
nan,0,0.007358,0.009358,0.0825,0
nan,0,0.007371,0.009371,0.0825,0
nan,0,0.007384,0.009384,0.0825,0
nan,0,0.007397,0.009397,0.0825,0
nan,0,0.00741,0.00941,0.0825,0
nan,0,0.007423,0.009423,0.0825,0
nan,0,0.007436,0.009436,0.0825,0
nan,0,0.007449,0.009449,0.0825,0
nan,0,0.007462,0.009462,0.0825,0
nan,0,0.007475,0.009475,0.0825,0
nan,0,0.007488,0.009488,0.0825,0
nan,0,0.007501,0.009501,0.0825,0
nan,0,0.007514,0.009514,0.0825,0
nan,0,0.007527,0.009527,0.0825,0
nan,0,0.00754,0.00954,0.0825,0
nan,0,0.007553,0.009553,0.0825,0
nan,0,0.007566,0.009566,0.0825,0
nan,0,0.007579,0.009579,0.0825,0
nan,0,0.007592,0.009592,0.0825,0
nan,0,0.007605,0.009605,0.0825,0
nan,0,0.007618,0.009618,0.0825,0
nan,0,0.007631,0.009631,0.0825,0
nan,0,0.007644,0.009644,0.0825,0
nan,0,0.007657,0.009657,0.0825,0
nan,0,0.00767,0.00967,0.0825,0
nan,0,0.007683,0.009683,0.0825,0
nan,0,0.007696,0.009696,0.0825,0
nan,0,0.007709,0.009709,0.0825,0
nan,0,0.007722,0.009722,0.0825,0
nan,0,0.007735,0.009735,0.0825,0
nan,0,0.007748,0.009748,0.0825,0
nan,0,0.007761,0.009761,0.0825,0
nan,0,0.007774,0.009774,0.0825,0
nan,0,0.007787,0.009787,0.0825,0
nan,0,0.0078,0.0098,0.0825,0
nan,0,0.007813,0.009813,0.0825,0
nan,0,0.007826,0.009826,0.0825,0
nan,0,0.007839,0.009839,0.0825,0
nan,0,0.007852,0.009852,0.0825,0
nan,0,0.007865,0.009865,0.0825,0
nan,0,0.007878,0.009878,0.0825,0
nan,0,0.007891,0.009891,0.0825,0
nan,0,0.007904,0.009904,0.0825,0
nan,0,0.007917,0.009917,0.0825,0
nan,0,0.00793,0.00993,0.0825,0
nan,0,0.007943,0.009943,0.0825,0
nan,0,0.007956,0.009956,0.0825,0
nan,0,0.007969,0.009969,0.0825,0
nan,0,0.007982,0.009982,0.0825,0
nan,0,0.007995,0.009995,0.0825,0
nan,0,0.008008,0.010008,0.0825,0
nan,0,0.008021,0.010021,0.0825,0
nan,0,0.008034,0.010034,0.0825,0
nan,0,0.008047,0.010047,0.0825,0
nan,0,0.00806,0.01006,0.0825,0
nan,0,0.008073,0.010073,0.0825,0
nan,0,0.008086,0.010086,0.0825,0
nan,0,0.008099,0.010099,0.0825,0
nan,0,0.008112,0.010112,0.0825,0
nan,0,0.008125,0.010125,0.0825,0
nan,0,0.008138,0.010138,0.0825,0
nan,0,0.008151,0.010151,0.0825,0
nan,0,0.008164,0.010164,0.0825,0
nan,0,0.008177,0.010177,0.0825,0
nan,0,0.00819,0.01019,0.0825,0
nan,0,0.008203,0.010203,0.0825,0
nan,0,0.008216,0.010216,0.0825,0
nan,0,0.008229,0.010229,0.0825,0
nan,0,0.008242,0.010242,0.0825,0
nan,0,0.008255,0.010255,0.0825,0
nan,0,0.008268,0.010268,0.0825,0
nan,0,0.008281,0.010281,0.0825,0
nan,0,0.008294,0.010294,0.0825,0
nan,0,0.008307,0.010307,0.0825,0
nan,0,0.00832,0.01032,0.0825,0
nan,0,0.008333,0.010333,0.0825,0
nan,0,0.008346,0.010346,0.0825,0
nan,0,0.008359,0.010359,0.0825,0
nan,0,0.008372,0.010372,0.0825,0
nan,0,0.008385,0.010385,0.0825,0
nan,0,0.008398,0.010398,0.0825,0
nan,0,0.008411,0.010411,0.0825,0
nan,0,0.008424,0.010424,0.0825,0
nan,0,0.008437,0.010437,0.0825,0
nan,0,0.00845,0.01045,0.0825,0
nan,0,0.008463,0.010463,0.0825,0
nan,0,0.008476,0.010476,0.0825,0
nan,0,0.008489,0.010489,0.0825,0
nan,0,0.008502,0.010502,0.0825,0
nan,0,0.008515,0.010515,0.0825,0
nan,0,0.008528,0.010528,0.0825,0
nan,0,0.008541,0.010541,0.0825,0
nan,0,0.008554,0.010554,0.0825,0
nan,0,0.008567,0.010567,0.0825,0
nan,0,0.00858,0.01058,0.0825,0
nan,0,0.008593,0.010593,0.0825,0
nan,0,0.008606,0.010606,0.0825,0
nan,0,0.008619,0.010619,0.0825,0
nan,0,0.008632,0.010632,0.0825,0
nan,0,0.008645,0.010645,0.0825,0
nan,0,0.008658,0.010658,0.0825,0
nan,0,0.008671,0.010671,0.0825,0
nan,0,0.008684,0.010684,0.0825,0
nan,0,0.008697,0.010697,0.0825,0
nan,0,0.00871,0.01071,0.0825,0
nan,0,0.008723,0.010723,0.0825,0
nan,0,0.008736,0.010736,0.0825,0
nan,0,0.008749,0.010749,0.0825,0
nan,0,0.008762,0.010762,0.0825,0
nan,0,0.008775,0.010775,0.0825,0
nan,0,0.008788,0.010788,0.0825,0
nan,0,0.008801,0.010801,0.0825,0
nan,0,0.008814,0.010814,0.0825,0
nan,0,0.008827,0.010827,0.0825,0
nan,0,0.00884,0.01084,0.0825,0
nan,0,0.008853,0.010853,0.0825,0
nan,0,0.008866,0.010866,0.0825,0
nan,0,0.008879,0.010879,0.0825,0
nan,0,0.008892,0.010892,0.0825,0
nan,0,0.008905,0.010905,0.0825,0
nan,0,0.008918,0.010918,0.0825,0
nan,0,0.008931,0.010931,0.0825,0
nan,0,0.008944,0.010944,0.0825,0
nan,0,0.008957,0.010957,0.0825,0
nan,0,0.00897,0.01097,0.0825,0
nan,0,0.008983,0.010983,0.0825,0
nan,0,0.008996,0.010996,0.0825,0
nan,0,0.009009,0.011009,0.0825,0
nan,0,0.009022,0.011022,0.0825,0
nan,0,0.009035,0.011035,0.0825,0
nan,0,0.009048,0.011048,0.0825,0
nan,0,0.009061,0.011061,0.0825,0
nan,0,0.009074,0.011074,0.0825,0
nan,0,0.009087,0.011087,0.0825,0
nan,0,0.0091,0.0111,0.0825,0
nan,0,0.009113,0.011113,0.0825,0
nan,0,0.009126,0.011126,0.0825,0
nan,0,0.009139,0.011139,0.0825,0
nan,0,0.009152,0.011152,0.0825,0
nan,0,0.009165,0.011165,0.0825,0
nan,0,0.009178,0.011178,0.0825,0
nan,0,0.009191,0.011191,0.0825,0
nan,0,0.009204,0.011204,0.0825,0
nan,0,0.009217,0.011217,0.0825,0
nan,0,0.00923,0.01123,0.0825,0
nan,0,0.009243,0.011243,0.0825,0
nan,0,0.009256,0.011256,0.0825,0
nan,0,0.009269,0.011269,0.0825,0
nan,0,0.009282,0.011282,0.0825,0
nan,0,0.009295,0.011295,0.0825,0
nan,0,0.009308,0.011308,0.0825,0
nan,0,0.009321,0.011321,0.0825,0
nan,0,0.009334,0.011334,0.0825,0
nan,0,0.009347,0.011347,0.0825,0
nan,0,0.00936,0.01136,0.0825,0
nan,0,0.009373,0.011373,0.0825,0
nan,0,0.009386,0.011386,0.0825,0
nan,0,0.009399,0.011399,0.0825,0
nan,0,0.009412,0.011412,0.0825,0
nan,0,0.009425,0.011425,0.0825,0
nan,0,0.009438,0.011438,0.0825,0
nan,0,0.009451,0.011451,0.0825,0
nan,0,0.009464,0.011464,0.0825,0
nan,0,0.009477,0.011477,0.0825,0
nan,0,0.00949,0.01149,0.0825,0
nan,0,0.009503,0.011503,0.0825,0
nan,0,0.009516,0.011516,0.0825,0
nan,0,0.009529,0.011529,0.0825,0
nan,0,0.009542,0.011542,0.0825,0
nan,0,0.009555,0.011555,0.0825,0
nan,0,0.009568,0.011568,0.0825,0
nan,0,0.009581,0.011581,0.0825,0
nan,0,0.009594,0.011594,0.0825,0
nan,0,0.009607,0.011607,0.0825,0
nan,0,0.00962,0.01162,0.0825,0
nan,0,0.009633,0.011633,0.0825,0
nan,0,0.009646,0.011646,0.0825,0
nan,0,0.009659,0.011659,0.0825,0
nan,0,0.009672,0.011672,0.0825,0
nan,0,0.009685,0.011685,0.0825,0
nan,0,0.009698,0.011698,0.0825,0
nan,0,0.009711,0.011711,0.0825,0
nan,0,0.009724,0.011724,0.0825,0
nan,0,0.009737,0.011737,0.0825,0
nan,0,0.00975,0.01175,0.0825,0
nan,0,0.009763,0.011763,0.0825,0
nan,0,0.009776,0.011776,0.0825,0
nan,0,0.009789,0.011789,0.0825,0
nan,0,0.009802,0.011802,0.0825,0
nan,0,0.009815,0.011815,0.0825,0
nan,0,0.009828,0.011828,0.0825,0
nan,0,0.009841,0.011841,0.0825,0
nan,0,0.009854,0.011854,0.0825,0
nan,0,0.009867,0.011867,0.0825,0
nan,0,0.00988,0.01188,0.0825,0
nan,0,0.009893,0.011893,0.0825,0
nan,0,0.009906,0.011906,0.0825,0
nan,0,0.009919,0.011919,0.0825,0
nan,0,0.009932,0.011932,0.0825,0
nan,0,0.009945,0.011945,0.0825,0
nan,0,0.009958,0.011958,0.0825,0
nan,0,0.009971,0.011971,0.0825,0
nan,0,0.009984,0.011984,0.0825,0
nan,0,0.009997,0.011997,0.0825,0
4.5415e+20,1,0.01001,0.01201,0.0825,0
5.982e+20,1,0.010023,0.012023,0.0825,0
7.4226e+20,1,0.010036,0.012036,0.0825,0
8.863e+20,1,0.010049,0.012049,0.0825,0
1.0304e+21,1,0.010062,0.012062,0.0825,0
1.1744e+21,1,0.010075,0.012075,0.0825,0
1.3185e+21,1,0.010088,0.012088,0.0825,0
1.4625e+21,1,0.010101,0.012101,0.0825,0
1.6066e+21,1,0.010114,0.012114,0.0825,0
1.7506e+21,1,0.010127,0.012127,0.0825,0
1.8923e+21,1,0.01014,0.01214,0.0825,0
2.0288e+21,1,0.010153,0.012153,0.0825,0
2.1654e+21,1,0.010166,0.012166,0.0825,0
2.3019e+21,1,0.010179,0.012179,0.0825,0
2.4385e+21,1,0.010192,0.012192,0.0825,0
2.575e+21,1,0.010205,0.012205,0.0825,0
2.7116e+21,1,0.010218,0.012218,0.0825,0
2.8481e+21,1,0.010231,0.012231,0.0825,0
2.9847e+21,1,0.010244,0.012244,0.0825,0
3.1212e+21,1,0.010257,0.012257,0.0825,0
3.2577e+21,1,0.01027,0.01227,0.0825,0
3.393e+21,1,0.010283,0.012283,0.0825,0
3.5228e+21,1,0.010296,0.012296,0.0825,0
3.6516e+21,1,0.010309,0.012309,0.0825,0
3.7804e+21,1,0.010322,0.012322,0.0825,0
3.9092e+21,1,0.010335,0.012335,0.0825,0
4.038e+21,1,0.010348,0.012348,0.0825,0
4.1668e+21,1,0.010361,0.012361,0.0825,0
4.2956e+21,1,0.010374,0.012374,0.0825,0
4.4245e+21,1,0.010387,0.012387,0.0825,0
4.5533e+21,1,0.0104,0.0124,0.0825,0
4.6821e+21,1,0.010413,0.012413,0.0825,0
4.8109e+21,1,0.010426,0.012426,0.0825,0
4.9396e+21,1,0.010439,0.012439,0.0825,0
5.0612e+21,1,0.010452,0.012452,0.0825,0
5.1828e+21,1,0.010465,0.012465,0.0825,0
5.3043e+21,1,0.010478,0.012478,0.0825,0
5.4259e+21,1,0.010491,0.012491,0.0825,0
5.5475e+21,1,0.010504,0.012504,0.0825,0
5.669e+21,1,0.010517,0.012517,0.0825,0
5.7906e+21,1,0.01053,0.01253,0.0825,0
5.9122e+21,1,0.010543,0.012543,0.0825,0
6.0337e+21,1,0.010556,0.012556,0.0825,0
6.1553e+21,1,0.010569,0.012569,0.0825,0
6.2769e+21,1,0.010582,0.012582,0.0825,0
6.3984e+21,1,0.010595,0.012595,0.0825,0
6.5188e+21,1,0.010608,0.012608,0.0825,0
6.6337e+21,1,0.010621,0.012621,0.0825,0
6.7483e+21,1,0.010634,0.012634,0.0825,0
6.8629e+21,1,0.010647,0.012647,0.0825,0
6.9775e+21,1,0.01066,0.01266,0.0825,0
7.0921e+21,1,0.010673,0.012673,0.0825,0
7.2067e+21,1,0.010686,0.012686,0.0825,0
7.3213e+21,1,0.010699,0.012699,0.0825,0
7.4359e+21,1,0.010712,0.012712,0.0825,0
7.5505e+21,1,0.010725,0.012725,0.0825,0
7.6652e+21,1,0.010738,0.012738,0.0825,0
7.7798e+21,1,0.010751,0.012751,0.0825,0
7.8944e+21,1,0.010764,0.012764,0.0825,0
8.009e+21,1,0.010777,0.012777,0.0825,0
8.1173e+21,1,0.01079,0.01279,0.0825,0
8.2255e+21,1,0.010803,0.012803,0.0825,0
8.3337e+21,1,0.010816,0.012816,0.0825,0
8.4419e+21,1,0.010829,0.012829,0.0825,0
8.5501e+21,1,0.010842,0.012842,0.0825,0
8.6583e+21,1,0.010855,0.012855,0.0825,0
8.7666e+21,1,0.010868,0.012868,0.0825,0
8.8748e+21,1,0.010881,0.012881,0.0825,0
8.983e+21,1,0.010894,0.012894,0.0825,0
9.0912e+21,1,0.010907,0.012907,0.0825,0
9.1989e+21,1,0.01092,0.01292,0.0825,0
9.3067e+21,1,0.010933,0.012933,0.0825,0
9.4144e+21,1,0.010946,0.012946,0.0825,0
9.5184e+21,1,0.010959,0.012959,0.0825,0
9.6204e+21,1,0.010972,0.012972,0.0825,0
9.7223e+21,1,0.010985,0.012985,0.0825,0
9.8242e+21,1,0.010998,0.012998,0.0825,0
9.9261e+21,1,0.011011,0.013011,0.0825,0
1.0028e+22,1,0.011024,0.013024,0.0825,0
1.013e+22,1,0.011037,0.013037,0.0825,0
1.0232e+22,1,0.01105,0.01305,0.0825,0
1.0334e+22,1,0.011063,0.013063,0.0825,0
1.0436e+22,1,0.011076,0.013076,0.0825,0
1.0538e+22,1,0.011089,0.013089,0.0825,0
1.064e+22,1,0.011102,0.013102,0.0825,0
1.0741e+22,1,0.011115,0.013115,0.0825,0
1.0843e+22,1,0.011128,0.013128,0.0825,0
1.0945e+22,1,0.011141,0.013141,0.0825,0
1.1047e+22,1,0.011154,0.013154,0.0825,0
1.115e+22,1,0.011167,0.013167,0.0825,0
1.1251e+22,1,0.01118,0.01318,0.0825,0
1.1344e+22,1,0.011193,0.013193,0.0825,0
1.1439e+22,1,0.011206,0.013206,0.0825,0
1.1533e+22,1,0.011219,0.013219,0.0825,0
1.1627e+22,1,0.011232,0.013232,0.0825,0
1.1722e+22,1,0.011245,0.013245,0.0825,0
1.1816e+22,1,0.011258,0.013258,0.0825,0
1.1911e+22,1,0.011271,0.013271,0.0825,0
1.2005e+22,1,0.011284,0.013284,0.0825,0
1.2099e+22,1,0.011297,0.013297,0.0825,0
1.2194e+22,1,0.01131,0.01331,0.0825,0
1.2288e+22,1,0.011323,0.013323,0.0825,0
1.2383e+22,1,0.011336,0.013336,0.0825,0
1.2477e+22,1,0.011349,0.013349,0.0825,0
1.2571e+22,1,0.011362,0.013362,0.0825,0
1.2666e+22,1,0.011375,0.013375,0.0825,0
1.276e+22,1,0.011388,0.013388,0.0825,0
1.2855e+22,1,0.011401,0.013401,0.0825,0
1.2949e+22,1,0.011414,0.013414,0.0825,0
1.3043e+22,1,0.011427,0.013427,0.0825,0
1.3138e+22,1,0.01144,0.01344,0.0825,0
1.323e+22,1,0.011453,0.013453,0.0825,0
1.3318e+22,1,0.011466,0.013466,0.0825,0
1.3406e+22,1,0.011479,0.013479,0.0825,0
1.3495e+22,1,0.011492,0.013492,0.0825,0
1.3583e+22,1,0.011505,0.013505,0.0825,0
1.3672e+22,1,0.011518,0.013518,0.0825,0
1.3758e+22,1,0.011531,0.013531,0.0825,0
1.3846e+22,1,0.011544,0.013544,0.0825,0
1.3934e+22,1,0.011557,0.013557,0.0825,0
1.4022e+22,1,0.01157,0.01357,0.0825,0
1.4109e+22,1,0.011583,0.013583,0.0825,0
1.4197e+22,1,0.011596,0.013596,0.0825,0
1.4285e+22,1,0.011609,0.013609,0.0825,0
1.4372e+22,1,0.011622,0.013622,0.0825,0
1.446e+22,1,0.011635,0.013635,0.0825,0
1.4548e+22,1,0.011648,0.013648,0.0825,0
1.4636e+22,1,0.011661,0.013661,0.0825,0
1.4723e+22,1,0.011674,0.013674,0.0825,0
1.4811e+22,1,0.011687,0.013687,0.0825,0
1.4899e+22,1,0.0117,0.0137,0.0825,0
1.4986e+22,1,0.011713,0.013713,0.0825,0
1.5071e+22,1,0.011726,0.013726,0.0825,0
1.5152e+22,1,0.011739,0.013739,0.0825,0
1.5233e+22,1,0.011752,0.013752,0.0825,0
1.5314e+22,1,0.011765,0.013765,0.0825,0
1.5396e+22,1,0.011778,0.013778,0.0825,0
1.5477e+22,1,0.011791,0.013791,0.0825,0
1.5558e+22,1,0.011804,0.013804,0.0825,0
1.5639e+22,1,0.011817,0.013817,0.0825,0
1.572e+22,1,0.01183,0.01383,0.0825,0
1.5802e+22,1,0.011843,0.013843,0.0825,0
1.5883e+22,1,0.011856,0.013856,0.0825,0
1.5964e+22,1,0.011869,0.013869,0.0825,0
1.6045e+22,1,0.011882,0.013882,0.0825,0
1.6126e+22,1,0.011895,0.013895,0.0825,0
1.6208e+22,1,0.011908,0.013908,0.0825,0
1.6289e+22,1,0.011921,0.013921,0.0825,0
1.637e+22,1,0.011934,0.013934,0.0825,0
1.6451e+22,1,0.011947,0.013947,0.0825,0
1.6533e+22,1,0.01196,0.01396,0.0825,0
1.6614e+22,1,0.011973,0.013973,0.0825,0
1.6695e+22,1,0.011986,0.013986,0.0825,0
1.6776e+22,1,0.011999,0.013999,0.0825,0
1.6861e+22,1,0.012012,0.014012,0.0825,0
1.6938e+22,1,0.012025,0.014025,0.0825,0
1.7011e+22,1,0.012038,0.014038,0.0825,0
1.7087e+22,1,0.012051,0.014051,0.0825,0
1.7163e+22,1,0.012064,0.014064,0.0825,0
1.7239e+22,1,0.012077,0.014077,0.0825,0
1.7316e+22,1,0.01209,0.01409,0.0825,0
1.7392e+22,1,0.012103,0.014103,0.0825,0
1.7468e+22,1,0.012116,0.014116,0.0825,0
1.7544e+22,1,0.012129,0.014129,0.0825,0
1.762e+22,1,0.012142,0.014142,0.0825,0
1.7696e+22,1,0.012155,0.014155,0.0825,0
1.7773e+22,1,0.012168,0.014168,0.0825,0
1.7849e+22,1,0.012181,0.014181,0.0825,0
1.7925e+22,1,0.012194,0.014194,0.0825,0
1.8001e+22,1,0.012207,0.014207,0.0825,0
1.8077e+22,1,0.01222,0.01422,0.0825,0
1.8153e+22,1,0.012233,0.014233,0.0825,0
1.823e+22,1,0.012246,0.014246,0.0825,0
1.8306e+22,1,0.012259,0.014259,0.0825,0
1.8382e+22,1,0.012272,0.014272,0.0825,0
1.8458e+22,1,0.012285,0.014285,0.0825,0
1.8534e+22,1,0.012298,0.014298,0.0825,0
1.861e+22,1,0.012311,0.014311,0.0825,0
1.8687e+22,1,0.012324,0.014324,0.0825,0
1.876e+22,1,0.012337,0.014337,0.0825,0
1.8831e+22,1,0.01235,0.01435,0.0825,0
1.8902e+22,1,0.012363,0.014363,0.0825,0
1.8974e+22,1,0.012376,0.014376,0.0825,0
1.9045e+22,1,0.012389,0.014389,0.0825,0
1.9116e+22,1,0.012402,0.014402,0.0825,0
1.9187e+22,1,0.012415,0.014415,0.0825,0
1.9258e+22,1,0.012428,0.014428,0.0825,0
1.9329e+22,1,0.012441,0.014441,0.0825,0
1.94e+22,1,0.012454,0.014454,0.0825,0
1.9471e+22,1,0.012467,0.014467,0.0825,0
1.9542e+22,1,0.01248,0.01448,0.0825,0
1.9613e+22,1,0.012493,0.014493,0.0825,0
1.9683e+22,1,0.012506,0.014506,0.0825,0
1.9754e+22,1,0.012519,0.014519,0.0825,0
1.9825e+22,1,0.012532,0.014532,0.0825,0
1.9896e+22,1,0.012545,0.014545,0.0825,0
1.9967e+22,1,0.012558,0.014558,0.0825,0
2.0037e+22,1,0.012571,0.014571,0.0825,0
2.0108e+22,1,0.012584,0.014584,0.0825,0
2.0179e+22,1,0.012597,0.014597,0.0825,0
2.025e+22,1,0.01261,0.01461,0.0825,0
2.0321e+22,1,0.012623,0.014623,0.0825,0
2.0392e+22,1,0.012636,0.014636,0.0825,0
2.0462e+22,1,0.012649,0.014649,0.0825,0
2.0533e+22,1,0.012662,0.014662,0.0825,0
2.0604e+22,1,0.012675,0.014675,0.0825,0
2.0675e+22,1,0.012688,0.014688,0.0825,0
2.0743e+22,1,0.012701,0.014701,0.0825,0
2.0807e+22,1,0.012714,0.014714,0.0825,0
2.0872e+22,1,0.012727,0.014727,0.0825,0
2.0937e+22,1,0.01274,0.01474,0.0825,0
2.1002e+22,1,0.012753,0.014753,0.0825,0
2.1067e+22,1,0.012766,0.014766,0.0825,0
2.1132e+22,1,0.012779,0.014779,0.0825,0
2.1197e+22,1,0.012792,0.014792,0.0825,0
2.1262e+22,1,0.012805,0.014805,0.0825,0
2.1327e+22,1,0.012818,0.014818,0.0825,0
2.1392e+22,1,0.012831,0.014831,0.0825,0
2.1456e+22,1,0.012844,0.014844,0.0825,0
2.1521e+22,1,0.012857,0.014857,0.0825,0
2.1586e+22,1,0.01287,0.01487,0.0825,0
2.1651e+22,1,0.012883,0.014883,0.0825,0
2.1716e+22,1,0.012896,0.014896,0.0825,0
2.1781e+22,1,0.012909,0.014909,0.0825,0
2.1846e+22,1,0.012922,0.014922,0.0825,0
2.1911e+22,1,0.012935,0.014935,0.0825,0
2.1976e+22,1,0.012948,0.014948,0.0825,0
2.2042e+22,1,0.012961,0.014961,0.0825,0
2.2107e+22,1,0.012974,0.014974,0.0825,0
2.2173e+22,1,0.012987,0.014987,0.0825,0
2.2239e+22,1,0.013,0.015,0.0825,0
